forcast
-0.08980265101338729
-0.08980265101338729
-0.08980265101338729
-0.08980265101338729
-0.08980265101338729
-0.08980265101338729
-0.08980265101338729
-0.08980265101338729
-0.08980265101338729
-0.08980265101338729
-0.08980265101338729
-0.08980265101338729
-0.08980265101338729
-0.08980265101338729
-0.08980265101338729
-0.08980265101338729
-0.08980265101338729
-0.08980265101338729
-0.08980265101338729
-0.08980265101338729
-0.08980265101338729
0.7859869294804367
1.5761489514239166
1.451478713122813
1.3382563070260949
1.2351386749069
1.1409812779380042
1.0548026854359116
0.9757564899591095
0.9031088391653365
0.8362203160232292
0.7745312160797848
0.7175495011080033
0.6648408780350175
0.6160205780219374
0.5707465050449843
0.5287134948247331
0.48964847951404566
0.4533063955274238
0.4194667044229341
0.38793042213584966
0.35851757181080385
1.0184404390494135
1.6348046098716704
2.210854440732922
2.0719863447054347
1.9420505663722616
1.8204087974595342
1.7064757098162562
1.599713719690362
1.4996283635755632
1.4057642033529933
1.3177011908839054
1.2350514325687585
1.157456303050937
1.08458386451294
1.0161265541336422
0.9517991074452401
0.8913366897089384
0.83449321115093
0.781039805072659
0.7307634505605035
0.6834657238431188
0.6389616643404212
0.5970787431669703
0.5576559233363241
0.520542802196917
0.4855988277435608
0.4526925814165428
0.4217011208433351
0.3925093767137631
0.36500959862302296
0.3391008452808746
0.31468851498045536
0.2916839126556606
0.27000385023980467
0.24957027737704493
0.23030993983762324
0.2121540632533344
0.1950380600250703
0.17890125746352373
0.16368664541038083
0.14934064175337117
0.13581287439680065
0.12305597838176878
0.11102540696900386
0.0996792556037385
0.08897809777769437
0.0788848318892735
0.06936453828054143
0.06038434569947744
0.05191330649908999
0.043922279942082754
0.03638382303145378
0.02927208833428639
0.022562728308549475
0.016232805681413328
0.010260709462800194
0.004626076209977647
-0.0006902838117201117
-0.005706455900215273
-0.010439485923769955
-0.014905441345156369
-0.019119468523718316
-0.023095846537299576
-0.026848037748720105
-0.030388735325579147
-0.0337299079075284
-0.03688284160167438
-0.03985817947433396
-0.042665958695889156
-0.04531564548488222
-0.04781616798768591
-0.05017594722100756
-0.05240292619607858
-0.054504597335587254
-0.056488028287181705
-0.05835988623065625
-0.0601264607696963
-0.06179368549325639
-0.06336715828624909
-0.06485216046419763
-0.06625367480182329
-0.06757640252117432
-0.06882477930083243
-0.07000299036393302
-0.07111498469918778
-0.07216448846578308
-0.07315501762992907
-0.07408988987793674
-0.0749722358479884
-0.07580500972022956
-0.07659099920243334
-0.07733283494626202
-0.07803299942706404
-0.07869383531818834
-0.07931755338896347
-0.07990623995376797
-0.08046186389800307
-0.08098628330526297
-0.0814812517085741
-0.08194842398723749
-0.08238936192955253
-0.08280553948051946
-0.08319834769250865
-0.0835690993958413
-0.08391903360524534
-0.08424931967722776
-0.08456106123253647
-0.08485529985706843
-0.08513301859381203
-0.08539514523768879
-0.0856425554444781
-0.0858760756643684
-0.0860964859100739
-0.08630452236888803
-0.08650087986750939
-0.08668621419797146
-0.08686114431253256
-0.08702625439493478
-0.08718209581501903
-0.08732918897328576
-0.08746802504161645
-0.08759906760601807
-0.08772275421691986
-0.08783949785223794
-0.08794968829812815
-0.0880536934520681
-0.08815186055264684
-0.08824451734019309
-0.08833197315213837
-0.08841451995679211
-0.08849243332899723
-0.08856597337093877
-0.0886353855811937
-0.08870090167493518
-0.08876274035804052
-0.08882110805769673
-0.08887619961195109
-0.08892819892051668
-0.0889772795590119
-0.08902360535869078
-0.08906733095360451
-0.08910860229702572
-0.08914755714886342
-0.08918432553569972
-0.08921903018498703
-0.08925178693485852
-0.08928270512092201
-0.08931188794133114
-0.08933943280135437
-0.08936543163859385
-0.08938997122994152
-0.08941313348129827
-0.08943499570102478
-0.08945563085803787
-0.0894751078254148
-0.08949349161031975
-0.08951084357102054
-0.08952722162172091
-0.08954268042589252
-0.08955727157875255
-0.08957104377949676
-0.0895840429938629
-0.08959631260756781
-0.08960789357113062
-0.08961882453656558
-0.08962914198640136
-0.08963888035545738
-0.0896480721457841
-0.08965674803515095
-0.0896649369794441
-0.08967266630931638
-0.08967996182141154
-0.08968684786446786
-0.08969334742058843
-0.08969948218194941
-0.08970527262320256
-0.08971073806981351
-0.08971589676256417
-0.08972076591843445
-0.0897253617880667
-0.0897296997100045
-0.08973379416188704
-0.08973765880876998
-0.089741306548734
-0.08974474955593334
-0.08974799932122811
-0.08975106669053583
-0.08975396190103042
-0.08975669461530933
-0.0897592739536429
-0.08976170852441365
-0.08976400645284704
-0.08976617540812956
-0.08976822262900486
-0.08977015494793306
-0.0897719788138942
-0.0897737003139117
-0.08977532519336773
-0.0897768588751784
-0.08977830647789271
-0.08977967283277553
-0.08978096249993188
-0.08978217978352616
-0.08978332874614718
-0.08978441322236685
-0.089785436831538
-0.0897864029898738
-0.08978731492184916
-0.08978817567096235
-0.08978898810989253
-0.08978975495008708
-0.08979047875081099
-0.08979116192768824
-0.08979180676076381
-0.08979241540211319
-0.08979298988302477
-0.08979353212077922
-0.08979404392504817
-0.08979452700393398
-0.08979498296967035
-0.08979541334400307
-0.0897958195632687
-0.08979620298318827
-0.08979656488339191
-0.0897969064716895
-0.08979722888810164
-0.08979753320866438
-0.08979782044902043
-0.0897980915678088
-0.08979834746986412
-0.0897985890092365
-0.08979881699204185
-0.08979903217915225
-0.08979923528873521
-0.08979942699865057
-0.0897996079487128
-0.08979977874282634
-0.089799939951001
-0.08980009211125438
-0.08980023573140748
-0.08980037129077946
-0.08980049924178733
-0.0898006200114559
-0.08980073400284287
-0.08980084159638407
-0.08980094315116309
-0.08980103900610967
-0.08980112948113089
-0.08980121487817884
-0.08980129548225832
-0.08980137156237801
-0.08980144337244832
-0.08980151115212875
-0.08980157512762774
-0.08980163551245762
-0.08980169250814718
-0.08980174630491428
-0.08980179708230067
-0.08980184500977118
-0.08980189024727932
-0.08980193294580109
-0.08980197324783887
-0.08980201128789697
-0.08980204719293057
-0.0898020810827694
-0.08980211307051765
-0.08980214326293148
-0.08980217176077528
-0.08980219865915795
-0.08980222404785036
-0.08980224801158493
-0.08980227063033838
-0.08980229197959871
-0.08980231213061711
-0.08980233115064572
-0.08980234910316212
-0.08980236604808119
-0.089802382041955
-0.08980239713816164
-0.0898024113870833
-0.08980242483627442
-0.08980243753062042
-0.08980244951248753
-0.0898024608218641
-0.08980247149649413
-0.0898024815720032
-0.0898024910820174
-0.08980250005827552
-0.08980250853073497
-0.08980251652767181
-0.08980252407577506
-0.08980253120023583
-0.08980253792483134
-0.08980254427200429
-0.0898025502629378
-0.08980255591762605
-0.08980256125494104
-0.08980256629269555
-0.08980257104770262
-0.08980257553583165
-0.08980257977206135
-0.08980258377052976
-0.08980258754458137
-0.08980259110681174
-0.08980259446910947
-0.08980259764269594
-0.08980260063816269
-0.08980260346550681
-0.08980260613416428
-0.08980260865304153
-0.08980261103054506
-0.08980261327460956
-0.08980261539272441
-0.0898026173919586
-0.0898026192789844
-0.08980262106009959
-0.08980262274124845
-0.08980262432804167
-0.08980262582577504
-0.0898026272394471
-0.08980262857377584
-0.08980262983321446
-0.08980263102196623
-0.08980263214399849
-0.08980263320305591
-0.08980263420267301
-0.0898026351461859
-0.08980263603674349
-0.08980263687731792
-0.08980263767071453
-0.08980263841958122
-0.08980263912641726
-0.08980263979358163
-0.08980264042330094
-0.08980264101767682
-0.08980264157869294
-0.08980264210822166
-0.0898026426080302
-0.08980264307978665
-0.08980264352506544
-0.08980264394535266
-0.08980264434205097
-0.0898026447164843
-0.0898026450699023
-0.0898026454034845
-0.08980264571834415
-0.08980264601553209
-0.08980264629604015
-0.0898026465608045
-0.08980264681070878
-0.089802647046587
-0.08980264726922639
-0.08980264747936999
-0.08980264767771914
-0.08980264786493582
-0.08980264804164483
-0.08980264820843592
-0.08980264836586575
-0.08980264851445972
-0.08980264865471375
-0.08980264878709594
-0.08980264891204807
-0.08980264902998719
-0.0898026491413069
-0.08980264924637871
-0.08980264934555329
-0.08980264943916164
-0.08980264952751614
-0.08980264961091168
-0.08980264968962659
-0.08980264976392358
-0.08980264983405059
-0.08980264990024167
-0.08980264996271774
-0.08980265002168729
-0.08980265007734714
-0.08980265012988303
-0.08980265017947033
-0.0898026502262745
-0.08980265027045174
-0.08980265031214953
-0.08980265035150697
-0.08980265038865547
-0.08980265042371897
-0.08980265045681453
-0.08980265048805255
-0.08980265051753733
-0.08980265054536726
-0.08980265057163521
-0.08980265059642886
-0.08980265061983095
-0.08980265064191958
-0.08980265066276848
-0.08980265068244721
-0.08980265070102145
-0.0898026507185532
-0.08980265073510096
-0.08980265075071997
-0.08980265076546236
-0.08980265077937732
-0.0898026507925113
-0.08980265080490812
-0.08980265081660917
-0.08980265082765349
-0.08980265083807792
-0.08980265084791729
-0.0898026508572044
-0.08980265086597028
-0.08980265087424416
-0.08980265088205368
-0.08980265088942486
-0.08980265089638234
-0.08980265090294934
-0.08980265090914775
-0.08980265091499827
-0.08980265092052042
-0.08980265092573264
-0.08980265093065233
-0.0898026509352959
-0.08980265093967883
-0.08980265094381577
-0.08980265094772052
-0.08980265095140612
-0.08980265095488485
-0.08980265095816835
-0.08980265096126755
-0.0898026509641928
-0.08980265096695389
-0.08980265096956
-0.08980265097201984
-0.08980265097434162
-0.08980265097653309
-0.08980265097860156
-0.08980265098055394
-0.08980265098239675
-0.08980265098413612
-0.08980265098577786
-0.08980265098732745
-0.08980265098879009
-0.08980265099017062
-0.08980265099147368
-0.0898026509927036
-0.08980265099386449
-0.08980265099496022
-0.08980265099599445
-0.08980265099697064
-0.08980265099789204
-0.08980265099876172
-0.08980265099958261
-0.0898026510003574
-0.08980265100108872
-0.08980265100177899
-0.08980265100243053
-0.08980265100304548
-0.08980265100362592
-0.08980265100417378
-0.08980265100469091
-0.08980265100517901
-0.08980265100563971
-0.08980265100607454
-0.08980265100648498
-0.08980265100687237
-0.08980265100723804
-0.08980265100758318
-0.08980265100790895
-0.08980265100821642
-0.08980265100850665
-0.08980265100878058
-0.08980265100903914
-0.08980265100928318
-0.08980265100951354
-0.08980265100973096
-0.08980265100993619
-0.0898026510101299
-0.08980265101031272
-0.08980265101048529
-0.08980265101064817
-0.08980265101080191
-0.08980265101094702
-0.08980265101108398
-0.08980265101121325
-0.08980265101133528
-0.08980265101145045
-0.08980265101155917
-0.08980265101166178
-0.08980265101175863
-0.08980265101185005
-0.08980265101193632
-0.08980265101201776
-0.08980265101209463
-0.08980265101216718
-0.08980265101223567
-0.08980265101230031
-0.08980265101236133
-0.08980265101241892
-0.08980265101247328
-0.08980265101252459
-0.08980265101257301
-0.08980265101261872
-0.08980265101266187
-0.08980265101270259
-0.08980265101274101
-0.08980265101277729
-0.08980265101281154
-0.08980265101284386
-0.08980265101287437
-0.08980265101290316
-0.08980265101293033
-0.089802651012956
-0.08980265101298021
-0.08980265101300307
-0.08980265101302465
-0.089802651013045
-0.08980265101306423
-0.08980265101308237
-0.08980265101309948
-0.08980265101311563
-0.08980265101313088
-0.08980265101314529
-0.08980265101315887
-0.0898026510131717
-0.0898026510131838
-0.08980265101319522
-0.089802651013206
-0.08980265101321618
-0.08980265101322579
-0.08980265101323487
-0.08980265101324343
-0.08980265101325151
-0.08980265101325914
-0.08980265101326633
-0.08980265101327312
-0.08980265101327953
-0.08980265101328558
-0.08980265101329128
-0.08980265101329668
-0.08980265101330177
-0.08980265101330658
-0.0898026510133111
-0.08980265101331537
-0.08980265101331941
-0.08980265101332323
-0.08980265101332682
-0.08980265101333022
-0.08980265101333343
-0.08980265101333645
-0.08980265101333931
-0.089802651013342
-0.08980265101334454
-0.08980265101334695
-0.08980265101334922
-0.08980265101335136
-0.08980265101335339
-0.08980265101335529
-0.08980265101335708
-0.08980265101335878
-0.08980265101336038
-0.08980265101336189
-0.08980265101336332
-0.08980265101336467
-0.08980265101336594
-0.08980265101336714
-0.08980265101336828
-0.08980265101336934
-0.08980265101337036
-0.08980265101337132
-0.08980265101337222
-0.08980265101337308
-0.08980265101337388
-0.08980265101337465
-0.08980265101337535
-0.08980265101337602
-0.08980265101337666
-0.08980265101337725
-0.08980265101337782
-0.08980265101337835
-0.08980265101337885
-0.08980265101337932
-0.08980265101337978
-0.0898026510133802
-0.0898026510133806
-0.08980265101338097
-0.08980265101338133
-0.08980265101338167
-0.08980265101338199
-0.08980265101338229
-0.08980265101338258
-0.08980265101338286
-0.08980265101338311
-0.08980265101338335
-0.08980265101338358
-0.08980265101338379
-0.08980265101338399
-0.08980265101338418
-0.08980265101338436
-0.08980265101338453
-0.0898026510133847
-0.08980265101338483
-0.08980265101338497
-0.0898026510133851
-0.08980265101338522
-0.08980265101338533
-0.08980265101338544
-0.08980265101338555
-0.08980265101338566
-0.08980265101338576
-0.08980265101338585
-0.08980265101338593
-0.08980265101338601
-0.08980265101338608
-0.08980265101338616
-0.08980265101338623
-0.08980265101338629
-0.08980265101338634
-0.08980265101338641
-0.08980265101338647
-0.08980265101338653
-0.08980265101338657
-0.08980265101338661
-0.08980265101338665
-0.08980265101338669
-0.08980265101338673
-0.08980265101338678
-0.0898026510133868
-0.08980265101338683
-0.08980265101338686
-0.08980265101338689
-0.08980265101338691
-0.08980265101338694
-0.08980265101338697
-0.089802651013387
-0.08980265101338702
-0.08980265101338704
-0.08980265101338705
-0.08980265101338707
-0.08980265101338708
-0.0898026510133871
-0.08980265101338711
-0.08980265101338712
-0.08980265101338714
-0.08980265101338714
-0.08980265101338714
-0.08980265101338714
-0.08980265101338714
-0.08980265101338714
-0.08980265101338714
-0.08980265101338714
-0.08980265101338714
-0.08980265101338714
-0.08980265101338714
-0.08980265101338714
-0.08980265101338714
-0.08980265101338714
-0.08980265101338714
-0.08980265101338714
-0.08980265101338714
-0.08980265101338714
-0.08980265101338714
-0.08980265101338714
-0.08980265101338714
-0.08980265101338714
-0.08980265101338714
-0.08980265101338714
-0.08980265101338714
-0.08980265101338714
-0.08980265101338714
-0.08980265101338714
-0.08980265101338714
-0.08980265101338714
-0.08980265101338714
-0.08980265101338714
-0.08980265101338714
-0.08980265101338714
-0.08980265101338714
-0.08980265101338714
-0.08980265101338714
-0.08980265101338714
-0.08980265101338714
-0.08980265101338714
-0.08980265101338714
-0.08980265101338714
-0.08980265101338714
-0.08980265101338714
-0.08980265101338714
-0.08980265101338714
-0.08980265101338714
-0.08980265101338714
-0.08980265101338714
-0.08980265101338714
-0.08980265101338714
-0.08980265101338714
-0.08980265101338714
-0.08980265101338714
-0.08980265101338714
-0.08980265101338714
-0.08980265101338714
-0.08980265101338714
-0.08980265101338714
-0.08980265101338714
-0.08980265101338714
-0.08980265101338714
-0.08980265101338714
-0.08980265101338714
-0.08980265101338714
-0.08980265101338714
-0.08980265101338714
-0.08980265101338714
-0.08980265101338714
-0.08980265101338714
-0.08980265101338714
-0.08980265101338714
-0.08980265101338714
-0.08980265101338714
-0.08980265101338714
-0.08980265101338714
-0.08980265101338714
-0.08980265101338714
-0.08980265101338714
-0.08980265101338714
-0.08980265101338714
-0.08980265101338714
-0.08980265101338714
-0.08980265101338714
-0.08980265101338714
-0.08980265101338714
-0.08980265101338714
-0.08980265101338714
-0.08980265101338714
-0.08980265101338714
-0.08980265101338714
-0.08980265101338714
-0.08980265101338714
-0.08980265101338714
-0.08980265101338714
-0.08980265101338714
-0.08980265101338714
-0.08980265101338714
-0.08980265101338714
-0.08980265101338714
-0.08980265101338714
-0.08980265101338714
-0.08980265101338714
-0.08980265101338714
-0.08980265101338714
-0.08980265101338714
-0.08980265101338714
-0.08980265101338714
-0.08980265101338714
-0.08980265101338714
-0.08980265101338714
-0.08980265101338714
-0.08980265101338714
-0.08980265101338714
-0.08980265101338714
-0.08980265101338714
-0.08980265101338714
-0.08980265101338714
-0.08980265101338714
-0.08980265101338714
-0.08980265101338714
-0.08980265101338714
-0.08980265101338714
-0.08980265101338714
-0.08980265101338714
-0.08980265101338714
-0.08980265101338714
-0.08980265101338714
-0.08980265101338714
-0.08980265101338714
-0.08980265101338714
-0.08980265101338714
-0.08980265101338714
-0.08980265101338714
-0.08980265101338714
-0.08980265101338714
-0.08980265101338714
-0.08980265101338714
-0.08980265101338714
-0.08980265101338714
-0.08980265101338714
-0.08980265101338714
-0.08980265101338714
-0.08980265101338714
-0.08980265101338714
-0.08980265101338714
-0.08980265101338714
-0.08980265101338714
-0.08980265101338714
-0.08980265101338714
-0.08980265101338714
-0.08980265101338714
-0.08980265101338714
-0.08980265101338714
-0.08980265101338714
-0.08980265101338714
-0.08980265101338714
-0.08980265101338714
-0.08980265101338714
-0.08980265101338714
-0.08980265101338714
-0.08980265101338714
-0.08980265101338714
-0.08980265101338714
-0.08980265101338714
-0.08980265101338714
-0.08980265101338714
-0.08980265101338714
-0.08980265101338714
-0.08980265101338714
-0.08980265101338714
-0.08980265101338714
-0.08980265101338714
-0.08980265101338714
-0.08980265101338714
-0.08980265101338714
-0.08980265101338714
-0.08980265101338714
-0.08980265101338714
-0.08980265101338714
-0.08980265101338714
-0.08980265101338714
-0.08980265101338714
-0.08980265101338714
-0.08980265101338714
-0.08980265101338714
-0.08980265101338714
-0.08980265101338714
-0.08980265101338714
-0.08980265101338714
-0.08980265101338714
-0.08980265101338714
-0.08980265101338714
-0.08980265101338714
-0.08980265101338714
-0.08980265101338714
-0.08980265101338714
-0.08980265101338714
-0.08980265101338714
-0.08980265101338714
-0.08980265101338714
-0.08980265101338714
-0.08980265101338714
-0.08980265101338714
-0.08980265101338714
-0.08980265101338714
-0.08980265101338714
-0.08980265101338714
-0.08980265101338714
-0.08980265101338714
-0.08980265101338714
-0.08980265101338714
-0.08980265101338714
-0.08980265101338714
-0.08980265101338714
-0.08980265101338714
-0.08980265101338714
-0.08980265101338714
-0.08980265101338714
-0.08980265101338714
-0.08980265101338714
-0.08980265101338714
-0.08980265101338714
-0.08980265101338714
-0.08980265101338714
-0.08980265101338714
-0.08980265101338714
-0.08980265101338714
-0.08980265101338714
-0.08980265101338714
-0.08980265101338714
-0.08980265101338714
-0.08980265101338714
-0.08980265101338714
-0.08980265101338714
-0.08980265101338714
-0.08980265101338714
-0.08980265101338714
-0.08980265101338714
-0.08980265101338714
-0.08980265101338714
-0.08980265101338714
-0.08980265101338714
-0.08980265101338714
-0.08980265101338714
-0.08980265101338714
-0.08980265101338714
-0.08980265101338714
-0.08980265101338714
-0.08980265101338714
-0.08980265101338714
-0.08980265101338714
-0.08980265101338714
-0.08980265101338714
-0.08980265101338714
-0.08980265101338714
-0.08980265101338714
-0.08980265101338714
0.5402267878781617
1.1348953914811553
1.6961878109803132
1.595947868756977
1.501333962187673
1.412030326154441
1.327738918073598
1.2481784232063202
1.173083315796853
1.1022029729049843
1.0353008379752788
0.9721536313515653
0.9125506051018387
0.8562928396666291
0.8031925799834626
0.7530726088717945
0.7057656555871424
0.6611138375705264
0.6189681335301049
0.579187886096466
0.5416403323917324
0.5062001609457979
0.4727490934809452
0.4411754901690884
0.4113739770442252
0.38324509432662046
0.3566949644850373
0.33163497892920324
0.3079815022868772
0.28565559327856926
0.26458274125835857
0.24469261754153918
0.22591884068917242
0.20819875496620524
0.19147322123377888
0.17568641957785047
0.16078566301541886
0.14672122165661647
0.13344615673582488
0.12091616395790787
0.10908942563674486
0.09792647113259087
0.08739004512248551
0.0774449832640758
0.06805809483789241
0.05919805197640882
0.050835285110195666
0.04294188428223148
0.03549150600101568
0.028459285321614496
0.021821752861218707
0.015556756472260201
0.0096433873116787
0.004061910059601715
-0.0012063029454509556
-0.006178833874655803
-0.010872278087747492
-0.015302299518489281
-0.01948368295159586
-0.023430383365577952
-0.027155572506185853
